2162832
2152833
1825809
1526243
623393
2030586
2167993
1396904
2002163
1869360
2167272
1002274
1181475
1890694
2165731
2159318
703210
2106100
1813499
847465
2103470
2134774
2163586
1858487
1760681
1815822
2157180
2024379
1967010
176921
2030990
1880930
2030988
1813698
1731343
472554
1848884
2057923
1180873
978355
1760669
1931160
1828568
1352361
2030989
1429254
1128297
1410737
1828115
1149128
1493900
1428739
83157
1890132
1962439
1275249
2023411
1093087
1445799
922780
2128065
929636
1123287
1984363
2149041
1966481
1091696
2145511
1735463
2102186
905377
2033480
2161571
2118126
2119864
1251074
1935963
1341742
2113464
2124709
1883623
1909390
2041243
1592279
2092685
857790
755762
2076679
1735350
2137655
2094904
1994180
1623077
1498669
1861768
2008251
2072923
1990739
2001510
2018378
1735399
2020371
1870490
456224
2060679
2083759
923042
2107190
1962016
1270785
2155579
2040192
1826253
2125129
1884253
1254900
1572826
1635942
1762832
2079359
2088431
1898788
2026636
2118391
1858737
1636908
2149185
2131262
1768703
2085605
1874504
2080697
2034995
1509288
2049331
1947476
1506655
1424624
635342
1680948
2156141
833688
2122677
1196975
2039879
2003339
2143074
989979
2150884
2125781
1756686
1746182
2094905
2093791
1998552
2116208
2088260
1769830
633284
1866362
1932267
1916650
2040820
1992566
1498893
2053548
2023642
1987516
1542254
877311
1713190
2132241
1519017
2114777
320023
2132370
1544904
1899288
2103823
1960714
2052231
2150746
2042820
1762577
1824128
1643736
2022641
1018268
2115989
2146686
1899716
2114814
1975773
2068678
1725874
1699117
2013864
1867717
2061664
2142343
1135276
1973885
2153210
1917513
1989769
845896
1185763
2010556
1757238
1938753
1685815
2073261
2085440
2059135
1793078
2059066
1115059
1180701
2109567
2030124
2045549
2086453
1923689
2059444
2094592
2136918
2092025
2037136
1704335
2098286
1180338
1914353
1961805
2039231
1799692
1913760
2014292
1245811
1906669
838841
1995390
1914718
1797540
1831531
2132332
1966986
1976056
1933656
2141689
2141702
2094063
1945556
1937959
1885712
1843112
1930255
1384005
2135827
1965029
2135064
1813885
1932906
1784019
1764644
1932810
2141794
1936498
2068075
2045707
2080481
1897966
2114823
1651611
1850128
1942750
2038215
2076201
1135979
1942647
2083300
2020347
1931103
1497996
1873881
1926268
2001933
1959066
2084463
2130406
1900166
1432226
1890167
2051294
1945252
2063624
1940395
1929473
1851043
1794205
556954
1978931
1912010
1908187
1780824
2164499
1243515
2167342
1846828
2166892
2167228
2165175
193256
2166416
2166010
2166913
2119519
2164851
2163926
2164238
1967848
1285380
1793529
1544985
1802847
1286049
2160963
2164408
2049300
2164423
1346364
1715180
2146585
2021797
2092610
1737784
2155272
1929781
1396279
1499384
2163098
1961101
2158594
1512150
1648463
1704089
2166349
2109231
1400255
2119156
2167163
1537370
2037175
1845343
1556925
1968003
168367
2127663
2132626
2113962
2164826
2082478
1780318
1862863
2151836
2144235
1615002
1807937
2161836
2167401
1756220
2164367
2042112
2104571
553635
2137504
2163615
715161
2042554
2153741
2127530
1454779
1795403
2141612
1393675
2083560
2166320
1996745
1705654
2148235
2162592
2062112
2065318
2035915
2003822
2134640
695553
2016579
2048829
2158491
2115226
2140604
2153469
2042221
2119496
1759069
2076738
2156331
2070499
2166931
2057208
2096067
2025008
1597028
1981727
1804214
1063366
2166734
1788932
2155907
2148467
2028802
2115390
2083525
1441811
1585965
934855
1605645
1465911
1978946
2113485
1596972
553140
1744227
1639665
320579
1403098
2019782
1516234
2056985
1880726
1832645
2124475
2105167
2066677
2164455
2151919
1294282
1325172
2064361
1662252
2014751
2111824
1259338
1944771
1903321
2143958
1974929
1526193
1843064
2160959
2112312
1815043
2162480
2054507
1903585
2123721
1559476
2167148
2154727
2086812
540494
2114067
2003393
1139011
2132063
2108234
2003792
1772308
1873322
1592457
375317
2063509
2154883
687857
2075385
2140550
2164524
2164518
1488948
1998127
1627158
1988443
2124311
1992188
2103539
1897208
1977373
1462646
2079215
2078955
1897377
1518044
2119882
2078168
2003420
2084612
2049333
2134113
2008083
2152924
1939498
2079939
2102305
2053329
2097401
1985648
2132238
2150312
590196
1653552
1837607
2157733
2046627
2123731
2145552
2095506
1052842
2025224
1531861
1589690
2163829
2125149
2048124
1511216
2047770
2004100
1938829
657586
1926894
917502
2164525
1806094
1480502
1077810
1571719
1823136
1479659
1735372
2034533
817308
2041221
1734057
1958178
2116402
2163868
952794
1866478
2129420
701909
1838931
2161484
2083893
1293546
2113260
2040518
2076257
1908272
1390440
1454295
1173860
2101855
1876218
2134646
2003809
1795406
1649587
1658044
2080101
1867397
1528416
1660029
2056619
2147381
2005167
2048360
2088751
1933735
170134
1832843
1488952
2087437
2119350
1993518
2027597
1993013
670481
1417305
2105053
2073162
1741163
2042281
2150948
2154637
1148292
1992418
2161468
1493098
1979484
2153872
2162110
1923783
2150739
2123632
2065573
2111688
1382856
2088015
1754445
1971299
2157517
2155013
2161430
2085986
1984610
1975397
2016204
2084673
158077
2136319
1956316
1733945
680019
1070337
2051599
692454
1638587
2137685
2078219
2070064
2036829
399151
1379846
2104995
1988614
1844848
912502
1149259
1284460
2068127
2069943
1449715
1999591
1243738
1736757
2161467
601305
1632882
1206082
2020101
2083640
1904096
2073378
2089883
2160649
1073709
1926901
1856769
1783217
2067292
2061522
405520
2068537
1594695
1980912
1876039
2123032
1749820
1355654
2111983
1840435
2149468
2089997
2160567
2078173
2010133
2109014
1896831
1902367
1942758
1303908
2021826
2145659
1669970
1802963
1965741
1322434
2108508
1934865
1950763
2157920
1998162
2144626
1469022
2152847
1764422
2147063
2038475
2099038
2108592
2003204
2113776
2024556
2140920
806896
1750454
2051196
1809325
1804873
1614634
2054043
1406059
1408607
1847019
2008170
1712203
1932408
2125905
1906147
2036479
1645953
1639671
2153016
1261719
2163525
2072931
2066627
2071531
1574129
1811388
681410
2020258
2129307
1886873
2164075
1754423
1985806
1857070
1978889
1627951
2018297
1920078
190727
2155057
2043257
2156469
148830
2100302
2167298
693021
652779
1429650
1442437
2116523
1942796
1938454
1910712
2001163
1462228
1479162
2079076
665306
1987538
2165717
1937646
1563244
2021893
2078391
1990055
2015108
430754
2166984
1914840
2085111
2035445
1880401
1977071
1476000
2083568
2116842
2121252
836794
1737552
2123786
2099944
1875028
2151976
1951689
1945350
1963261
2145593
1456578
2011538
1986574
1664008
1971294
2075868
2041189
2159423
2101727
1951639
2052967
1832938
1915333
2004860
1644567
1351455
1634785
1355748
1982298
1927452
1769417
2045802
1871503
2020433
2158640
2147728
2086575
1438039
2123599
810075
1590437
2027501
1417315
1409288
2021042
2036952
1540937
2079297
890829
2150982
1838374
2124202
1651583
1716132
2083198
1659631
1881760
2097493
1835465
1427068
1844008
866656
1746141
2155790
2004460
2100943
2138458
1816230
1005617
130334
1670002
1915458
947128
2073400
832021
1921009
2121660
1684295
1928707
1500906
1536831
1970510
2049361
1960193
1736716
1941367
1711025
2019371
1446706
1100043
1832471
2060831
1892370
1604244
1832440
784775
1464052
1978586
2078513
948045
1452668
2126124
1717789
1997864
591162
1875134
1859442
1745070
2065340
1464154
1994716
1152185
2076796
1745119
984915
1594773
2147292
2027439
1289849
2020181
1735758
2049200
2132606
2071158
1294389
1952356
2029668
1970824
2073334
2161640
2105233
1242587
1909455
1838431
1985307
1886687
2083165
1699957
1808150
1973308
696907
1535490
2164250
1882766
1904463
1276321
2035693
2050620
2151225
1672253
1411299
1898692
2015219
1110078
2132406
2113506
1870623
1773518
1319242
1987161
2161062
1419399
1679846
700496
1480283
1926880
1465735
2155191
1487645
1970828
1977943
1602007
1794042
1714081
1909039
2076174
2078746
1867423
2154645
1937572
1856413
2056841
2144885
1895392
2145517
1961915
1569261
18274
1123313
1504663
2080141
2044854
2149300
2156450
1910406
1982000
1721219
1771482
1427207
1551403
578082
1834713
1354777
2048910
1809252
2162001
1746033
2028836
1663949
1151971
2159665
1514501
1793720
2143998
2022458
1975480
1975639
885566
2008199
1935714
1906660
1607908
1670028
2079467
1623882
2096126
2135365
2107566
1911129
1425306
2072799
2155321
1451787
1785068
1975895
1926244
1529332
2151775
1745129
1800467
2034728
1692148
2055613
1610794
1709520
2137656
790379
2097043
811186
1447199
2058242
1441788
2160226
2006555
1573352
1001887
1993446
1633743
2118305
1946511
2119899
1847786
1953654
2080280
2120741
1807555
2065997
1636006
2100747
1662488
1576285
1406021
2098290
197617
2132419
1904996
1709950
1591460
1988588
2161993
2069616
2063661
1850041
1795465
1917341
2048789
2028662
1759208
1390586
2150845
2097255
2107317
2089703
2048309
2087749
1832950
2108341
1883865
1960848
2019677
2100971
1901448
1753505
1359339
2162258
2102222
1944209
1761694
2038459
1903400
1901420
2154711
2134404
2036397
1953643
2111705
1716302
1934275
1623901
1930022
2034638
842899
2158234
2016747
2023265
1188446
2028470
1744474
2157486
2071817
519414
2147100
1546256
2159714
2119866
2113465
2039861
2136426
1876445
1428044
1984720
856416
1927223
1474688
1342130
1669887
2150921
1765010
2087649
2145653
2094917
1809357
1874513
1781137
1488510
1908803
2162106
2036306
1715409
2010795
1713606
1226978
658423
1986615
2154058
2088442
1791368
1903363
2083961
2149806
1698012
2124407
742298
430866
1502647
2098510
1932293
1944503
1791782
1151725
2112944
2083775
2026942
1856608
1617249
1844350
2075162
2159479
1890166
1821786
2040832
2157890
1873533
2104156
1890163
1973367
2116587
1846532
2065222
148186
1917066
1005230
2123523
1815810
2101217
2110816
1723316
2129652
2129004
2070624
2077073
2010234
1354576
1493476
2013753
1650144
1606291
2097261
1950609
2145040
1194212
2130302
1993744
1467919
1270764
1247416
1588273
1636213
2128911
1776983
2024584
1553411
810303
1815094
2067858
2046948
1695794
2154668
2106334
1459084
2044361
2126150
1874517
2090788
2154703
2079684
1945674
2139955
2137707
1876619
2047033
1857561
2139582
2142576
2101119
1911055
2104983
1402587
2088909
1967154
1737564
1617385
2005951
1840535
2099916
1951716
2078578
1617518
2039363
2135386
2014982
2004626
2044420
1393829
2061208
2105213
1982824
2021566
2056940
1888336
2157321
1997876
1562300
1926354
2048499
2009813
2097236
370227
1613844
1875447
2144330
1999204
1783205
689580
2148195
2140970
1910521
2017760
573619
2133358
2118317
2028493
1872930
2071056
2079376
2007914
1348230
2136464
2071141
2145662
2060583
1716300
1988736
1971844
2125782
2132373
1746162
1663392
1870672
1800750
1394456
1720539
1952524
1939647
1372658
1965921
2154238
1375335
1812993
1952731
2017152
127572
1934031
1940497
2064097
2098127
2127239
1730667
2007192
1335128
2143140
1812537
2069534
1898467
1947474
864829
1702086
2150279
858545
2033529
1617461
1983329
2095750
2115589
640974
1698959
1900997
1917937
1969276
1975296
2162974
1953636
2049408
1710675
2060952
2061348
1446945
2068307
1810536
1849943
2162091
1558773
1961594
1538564
2082124
1196515
1931074
1837628
2038918
2089185
1085558
1543070
1747049
1997698
2112060
2021652
1844950
1469345
2043226
1786493
1914721
1935252
2020571
2050861
666236
1390179
1927053
1838740
1716305
2019568
1551395
2038348
1843435
1870708
2071202
1991104
1885058
2148728
2083544
1257724
2055130
1991128
1578183
2123298
1579444
1311348
1969262
1680929
1858748
1440140
390584
1809167
2003776
1544921
1526268
1853616
2102354
1298795
1600381
2046966
2125899
2138817
2048328
1417314
2150958
2071022
2118691
2166184
2151555
2104542
1817183
1195589
1768247
288434
1938150
1546174
2122092
1937284
2097683
1808186
1788621
2131419
1638736
1764439
1895904
1928634
2148111
2052002
1763970
2151387
2148901
1967312
1946462
1970502
1381076
230328
1617421
1928550
2013841
1952326
650668
600805
2068733
1915942
1887849
1647457
2134504
2044439
1969866
1680915
1951436
1806675
1773533
1927016
1782602
2072172
2158032
1959131
2145798
2079619
1924036
1788581
2142615
1907492
1861780
1373593
2128361
2053324
1795114
1063241
374534
2134772
1798636
249909
2064185
1148744
1962094
1908666
1729916
2135956
2052721
2141816
1998517
624107
2009422
2118231
1628235
2063283
2144283
1825817
1781306
1900466
1864339
1940415
1359383
1896693
1647668
1742600
2099198
2039453
2038386
1946045
1878651
1997154
1511021
1897449
2102072
1393913
1335067
2092608
2026900
1861819
2090060
2151899
1757904
2156677
2071483
2015225
1712019
1585876
2029237
651637
2158627
1979106
2092570
2020382
1738155
1587671
1852174
1877920
1947851
2066306
1834111
1475764
2092623
1333302
2117941
1962402
2015162
1849184
2144067
2159521
1799767
2045418
2070043
2100781
2124747
1810806
2097936
2089736
1819414
2091865
13084
1948131
2149718
2144450
2134673
1969315
1804950
1961503
1993611
2135419
2080118
1840199
2160062
1738895
2067380
1892845
1403760
1725121
1288079
2099136
1737529
1950226
1805685
2035400
2109768
1944596
1833199
1969335
1900559
2118223
2016712
1814124
108569
2023374
1470642
1613865
2064139
1642740
1939638
2059356
2065351
1973483
1354367
1969360
2136463
1749883
2054871
2019293
1870630
1708654
1780736
1889716
2137989
2138169
1443528
2143463
2156913
2022538
2067883
1849809
2094533
2064616
2092548
2131509
2026303
1819401
491000
1851611
2023345
1695683
1507398
2057719
679686
369801
2116332
1988645
1487691
441770
2066559
1561447
2036214
899950
2112639
2028091
1939673
2134010
1725342
2052125
2047574
2097953
1130370
1942695
2004890
2082074
1946514
1604131
208760
1026707
2030290
2126602
2129657
1678250
2126867
2097641
1603374
2098654
2108006
149385
2000524
1736171
2038226
2053350
1650477
2046110
2020467
2070432
1898940
2044451
1711475
2081609
2033095
2057866
2083974
2086182
1901576
1452582
2030982
2045755
2064688
1820517
2102403
1962860
2110942
2040814
1721813
1661040
2110046
1319425
2030462
2038331
1866584
1507789
1906834
2102713
2009111
1958853
2034435
1892318
2140615
1681030
1820703
2029118
485163
1276698
2140328
1808109
1510986
2146542
1803481
1905167
2093597
1936523
1742665
1943313
1218396
2116881
1736998
1623404
1834946
80307
2030143
2097474
2085151
1936900
1943868
1934119
1906430
1603956
1280156
808826
1708600
2154244
1918594
2124712
1999155
1383919
2133980
2116153
1778137
1945302
2099025
1872662
2054117
2026626
1421979
1675860
1684626
1948649
1839574
2097488
2058278
2138590
2050731
2008520
2105114
2117354
2000276
779713
2121998
1786136
1544612
2136715
1907949
2161786
1425421
2006663
2091455
2015641
1521110
1431422
2064528
1788599
1995372
1520034
2053902
2072227
1355120
1843186
2112433
2077825
2147184
1893532
1902863
1726113
1958696
1958113
1938078
1928657
2085855
1401973
2123425
1646118
2023355
2131779
2053078
1820666
1908131
1217048
1881402
1978240
2050271
2104194
1498168
2138482
1885149
2058161
2030917
1816662
2020679
2010323
793965
2108324
2052777
2147238
2067441
1978006
1990350
1962025
2095191
1334908
1938036
1988756
1962221
2046649
2015076
1958705
2160936
1799825
2151897
2131608
2001347
2053237
2132106
1451607
1828078
2029723
1985030
2114220
1918941
2162548
1969396
1798314
186718
2038495
1669569
1552170
2118396
2073609
1863730
1902399
1990111
2009604
2081541
2151305
1329
2085916
1631650
1715879
87189
2124241
1960898
2127345
1993412
2064859
2047462
932524
1824712
2045774
1847617
1899579
1666634
1992013
2118463
2146394
1520581
2005710
1963938
2138055
2093039
2072983
2023251
2127695
2069428
1125715
831394
2061143
2120324
1707586
2030365
1993913
2122634
1924544
1543662
1927443
2038792
1913668
1557067
1269402
1849598
1944265
1525184
904410
1792205
1744893
899945
1901561
1350753
1533988
2009840
2153587
1871277
1657006
425213
1237089
2086167
1931675
2031272
1777547
1766143
1969418
1768520
1972779
1133239
1710656
559889
444142
174264
2016787
2117935
1871534
178547
2010477
1700016
1431098
1939012
1950212
1893025
1360593
2061354
994952
1891243
2141756
1475796
1354804
1885055
2142428
2061609
2033429
2054091
1899936
882194
1645655
893620
1449658
1966213
2042445
1797327
2062397
1925959
2040848
1724274
1413312
1212660
1712016
2002838
2141973
1185963
1151313
1971860
360051
509707
1977351
1242894
1856553
1784988
1978639
1920069
2068033
1958078
2004265
2116355
2079317
1977411
2005592
1730684
1812368
2032426
1612897
1210029
1360604
1890647
1785396
2107641
1638728
1861322
2153819
1839331
2142936
1929510
2139737
1563869
1915578
2063891
2107726
2131528
2046040
1766752
2090680
1215674
2129370
1250474
1951948
1758344
1503441
1950327
1845914
1989391
1566319
2152051
2041414
2093316
1300261
2105419
2063698
2098972
1891083
1753441
2059483
1329684
2132255
2105182
2102014
1786372
2097595
1930577
2030933
1934692
2033137
1883034
1916781
1736104
2073495
1939501
1777074
2035319
2145719
1990071
2098946
1321088
2098930
2037755
2106933
1177726
2130158
1934352
1982458
1759974
1943671
1912594
1912588
1973814
1388413
1873262
2023149
1806037
493811
2118129
1732109
2098671
1969409
1491617
1807785
1967431
1912208
1912219
1494480
2105810
1689219
2090879
1900376
1704790
1903961
2152178
2134344
1877369
1995749
260812
2002053
2152039
979138
2010902
1978951
2093199
484294
2019221
2074834
967603
2009968
2004411
1006689
2023034
1638745
1318526
2072714
2024739
282511
2053916
1867912
2152267
2005450
2116145
2104537
558502
2053284
20194
1617488
1645402
1242966
1161561
1492311
2098830
1956995
2148367
2128804
1810781
2122866
1600124
1919255
1732004
2152262
2002391
815662
2095096
495044
2075985
2138579
1865165
2096074
1833215
1970737
1943379
1848923
1615792
1352926
2059638
2113192
847213
1907899
2100172
1869708
2152185
1779527
1677845
1714176
2095299
2160096
1382469
2134330
2123674
2053773
1782908
1565953
1992926
1931826
747534
1933421
1959820
2067860
1710293
1967640
1518482
2065929
1944549
1721105
2064332
1737133
2011335
1902413
1987455
2132507
1515553
2052410
1995559
2137544
1062254
1829733
1157620
2121003
2041352
990938
2053714
2122287
1716202
1876926
938038
2151998
1948193
2011599
2011598
2065348
2020814
2089636
1446389
2112568
1528017
1978196
1873930
1715536
1859188
1582034
1494457
1761398
2036948
1973609
1651941
2048348
1585968
2112544
1995171
1958498
1857058
1633701
1753035
1900332
1877354
219499
1920903